{
 "cells": [
  {
   "cell_type": "code",
   "execution_count": 2,
   "metadata": {
    "collapsed": false
   },
   "outputs": [],
   "source": [
    "import numpy as np\n",
    "import sys\n",
    "if \"../\" not in sys.path:\n",
    "  sys.path.append(\"../\") \n",
    "from lib.envs.gridworld import GridworldEnv"
   ]
  },
  {
   "cell_type": "code",
   "execution_count": 71,
   "metadata": {
    "collapsed": true
   },
   "outputs": [
    {
     "name": "stdout",
     "output_type": "stream",
     "text": [
      "{0: [(1.0, 1, -1.0, False)], 1: [(1.0, 2, -1.0, False)], 2: [(1.0, 5, -1.0, False)], 3: [(1.0, 0, -1.0, True)]}\n"
     ]
    }
   ],
   "source": [
    "env = GridworldEnv()\n",
    "print(env.P[1])"
   ]
  },
  {
   "cell_type": "code",
   "execution_count": 122,
   "metadata": {
    "collapsed": false
   },
   "outputs": [],
   "source": [
    "def policy_eval(policy, env, discount_factor=1.0, theta=0.00001):\n",
    "    \"\"\"\n",
    "    Evaluate a policy given an environment and a full description of the environment's dynamics.\n",
    "    \n",
    "    Args:\n",
    "        policy: [S, A] shaped matrix representing the policy.\n",
    "        env: OpenAI env. env.P represents the transition probabilities of the environment.\n",
    "            env.P[s][a] is a (prob, next_state, reward, done) tuple.\n",
    "        theta: We stop evaluation once our value function change is less than theta for all states.\n",
    "        discount_factor: gamma discount factor.\n",
    "    \n",
    "    Returns:\n",
    "        Vector of length env.nS representing the value function.\n",
    "    \"\"\"\n",
    "    # Start with a random (all 0) value function\n",
    "    V = np.zeros(env.nS)\n",
    "    while True:\n",
    "        # Create the next iteration value function vector\n",
    "        V_1 = np.copy(V)\n",
    "        delta = 0\n",
    "        for state in range(env.nS):\n",
    "            v = 0\n",
    "            # Compute the new value function for iteration k+1\n",
    "            for action, action_probability in enumerate(policy[state]):\n",
    "                for transition_probability, next_state, reward, done in env.P[state][action]:\n",
    "                    v += transition_probability*action_probability * (reward + discount_factor*V[next_state])\n",
    "            # Update the value function at iteration k+1 for the state\n",
    "            V_1[state] = v\n",
    "            # Compute the maximum delta between the current and the next state iteration\n",
    "            delta = max(delta, np.abs(V_1[state] - V[state]))\n",
    "                        \n",
    "        print(delta)\n",
    "        print(V.reshape(env.shape))\n",
    "        print(V_1.reshape(env.shape))\n",
    "        # Update the value function for the next iteration\n",
    "        V = V_1\n",
    "\n",
    "        # If the delta is under the given threshold, stop\n",
    "        if delta < theta:\n",
    "            break\n",
    "            \n",
    "    return np.array(V)"
   ]
  },
  {
   "cell_type": "code",
   "execution_count": 123,
   "metadata": {
    "collapsed": false
   },
   "outputs": [
    {
     "name": "stdout",
     "output_type": "stream",
     "text": [
      "1.0\n[[ 0.  0.  0.  0.]\n [ 0.  0.  0.  0.]\n [ 0.  0.  0.  0.]\n [ 0.  0.  0.  0.]]\n[[ 0. -1. -1. -1.]\n [-1. -1. -1. -1.]\n [-1. -1. -1. -1.]\n [-1. -1. -1.  0.]]\n1.0\n[[ 0. -1. -1. -1.]\n [-1. -1. -1. -1.]\n [-1. -1. -1. -1.]\n [-1. -1. -1.  0.]]\n[[ 0.   -1.75 -2.   -2.  ]\n [-1.75 -2.   -2.   -2.  ]\n [-2.   -2.   -2.   -1.75]\n [-2.   -2.   -1.75  0.  ]]\n1.0\n[[ 0.   -1.75 -2.   -2.  ]\n [-1.75 -2.   -2.   -2.  ]\n [-2.   -2.   -2.   -1.75]\n [-2.   -2.   -1.75  0.  ]]\n[[ 0.     -2.4375 -2.9375 -3.    ]\n [-2.4375 -2.875  -3.     -2.9375]\n [-2.9375 -3.     -2.875  -2.4375]\n [-3.     -2.9375 -2.4375  0.    ]]\n0.96875\n[[ 0.     -2.4375 -2.9375 -3.    ]\n [-2.4375 -2.875  -3.     -2.9375]\n [-2.9375 -3.     -2.875  -2.4375]\n [-3.     -2.9375 -2.4375  0.    ]]\n[[ 0.      -3.0625  -3.84375 -3.96875]\n [-3.0625  -3.71875 -3.90625 -3.84375]\n [-3.84375 -3.90625 -3.71875 -3.0625 ]\n [-3.96875 -3.84375 -3.0625   0.     ]]\n0.9375\n[[ 0.      -3.0625  -3.84375 -3.96875]\n [-3.0625  -3.71875 -3.90625 -3.84375]\n [-3.84375 -3.90625 -3.71875 -3.0625 ]\n [-3.96875 -3.84375 -3.0625   0.     ]]\n[[ 0.        -3.65625   -4.6953125 -4.90625  ]\n [-3.65625   -4.484375  -4.78125   -4.6953125]\n [-4.6953125 -4.78125   -4.484375  -3.65625  ]\n [-4.90625   -4.6953125 -3.65625    0.       ]]\n0.89453125\n[[ 0.        -3.65625   -4.6953125 -4.90625  ]\n [-3.65625   -4.484375  -4.78125   -4.6953125]\n [-4.6953125 -4.78125   -4.484375  -3.65625  ]\n [-4.90625   -4.6953125 -3.65625    0.       ]]\n[[ 0.         -4.20898438 -5.50976562 -5.80078125]\n [-4.20898438 -5.21875    -5.58984375 -5.50976562]\n [-5.50976562 -5.58984375 -5.21875    -4.20898438]\n [-5.80078125 -5.50976562 -4.20898438  0.        ]]\n0.8544921875\n[[ 0.         -4.20898438 -5.50976562 -5.80078125]\n [-4.20898438 -5.21875    -5.58984375 -5.50976562]\n [-5.50976562 -5.58984375 -5.21875    -4.20898438]\n [-5.80078125 -5.50976562 -4.20898438  0.        ]]\n[[ 0.         -4.734375   -6.27734375 -6.65527344]\n [-4.734375   -5.89941406 -6.36425781 -6.27734375]\n [-6.27734375 -6.36425781 -5.89941406 -4.734375  ]\n [-6.65527344 -6.27734375 -4.734375    0.        ]]\n0.81103515625\n[[ 0.         -4.734375   -6.27734375 -6.65527344]\n [-4.734375   -5.89941406 -6.36425781 -6.27734375]\n [-6.27734375 -6.36425781 -5.89941406 -4.734375  ]\n [-6.65527344 -6.27734375 -4.734375    0.        ]]\n[[ 0.         -5.2277832  -7.0078125  -7.46630859]\n [-5.2277832  -6.54931641 -7.08837891 -7.0078125 ]\n [-7.0078125  -7.08837891 -6.54931641 -5.2277832 ]\n [-7.46630859 -7.0078125  -5.2277832   0.        ]]\n0.770751953125\n[[ 0.         -5.2277832  -7.0078125  -7.46630859]\n [-5.2277832  -6.54931641 -7.08837891 -7.0078125 ]\n [-7.0078125  -7.08837891 -6.54931641 -5.2277832 ]\n [-7.46630859 -7.0078125  -5.2277832   0.        ]]\n[[ 0.         -5.69622803 -7.6975708  -8.23706055]\n [-5.69622803 -7.15808105 -7.77856445 -7.6975708 ]\n [-7.6975708  -7.77856445 -7.15808105 -5.69622803]\n [-8.23706055 -7.6975708  -5.69622803  0.        ]]\n0.730255126953\n[[ 0.         -5.69622803 -7.6975708  -8.23706055]\n [-5.69622803 -7.15808105 -7.77856445 -7.6975708 ]\n [-7.6975708  -7.77856445 -7.15808105 -5.69622803]\n [-8.23706055 -7.6975708  -5.69622803  0.        ]]\n[[ 0.         -6.13796997 -8.35235596 -8.96731567]\n [-6.13796997 -7.73739624 -8.42782593 -8.35235596]\n [-8.35235596 -8.42782593 -7.73739624 -6.13796997]\n [-8.96731567 -8.35235596 -6.13796997  0.        ]]\n0.692520141602\n[[ 0.         -6.13796997 -8.35235596 -8.96731567]\n [-6.13796997 -7.73739624 -8.42782593 -8.35235596]\n [-8.35235596 -8.42782593 -7.73739624 -6.13796997]\n [-8.96731567 -8.35235596 -6.13796997  0.        ]]\n[[ 0.         -6.55693054 -8.97136688 -9.65983582]\n [-6.55693054 -8.28289795 -9.0448761  -8.97136688]\n [-8.97136688 -9.0448761  -8.28289795 -6.55693054]\n [-9.65983582 -8.97136688 -6.55693054  0.        ]]\n0.655765533447\n[[ 0.         -6.55693054 -8.97136688 -9.65983582]\n [-6.55693054 -8.28289795 -9.0448761  -8.97136688]\n [-8.97136688 -9.0448761  -8.28289795 -6.55693054]\n [-9.65983582 -8.97136688 -6.55693054  0.        ]]\n[[  0.          -6.95279884  -9.55825233 -10.31560135]\n [ -6.95279884  -8.80090332  -9.62713242  -9.55825233]\n [ -9.55825233  -9.62713242  -8.80090332  -6.95279884]\n [-10.31560135  -9.55825233  -6.95279884   0.        ]]\n0.621325492859\n[[  0.          -6.95279884  -9.55825233 -10.31560135]\n [ -6.95279884  -8.80090332  -9.62713242  -9.55825233]\n [ -9.55825233  -9.62713242  -8.80090332  -6.95279884]\n [-10.31560135  -9.55825233  -6.95279884   0.        ]]\n[[  0.          -7.32798862 -10.11344624 -10.93692684]\n [ -7.32798862  -9.28996563 -10.17957783 -10.11344624]\n [-10.11344624 -10.17957783  -9.28996563  -7.32798862]\n [-10.93692684 -10.11344624  -7.32798862   0.        ]]\n0.58825969696\n[[  0.          -7.32798862 -10.11344624 -10.93692684]\n [ -7.32798862  -9.28996563 -10.17957783 -10.11344624]\n [-10.11344624 -10.17957783  -9.28996563  -7.32798862]\n [-10.93692684 -10.11344624  -7.32798862   0.        ]]\n[[  0.          -7.68285012 -10.63948488 -11.52518654]\n [ -7.68285012  -9.75378323 -10.70170593 -10.63948488]\n [-10.63948488 -10.70170593  -9.75378323  -7.68285012]\n [-11.52518654 -10.63948488  -7.68285012   0.        ]]\n0.557149171829\n[[  0.          -7.68285012 -10.63948488 -11.52518654]\n [ -7.68285012  -9.75378323 -10.70170593 -10.63948488]\n [-10.63948488 -10.70170593  -9.75378323  -7.68285012]\n [-11.52518654 -10.63948488  -7.68285012   0.        ]]\n[[  0.          -8.01902956 -11.13730687 -12.08233571]\n [ -8.01902956 -10.19227803 -11.19663405 -11.13730687]\n [-11.13730687 -11.19663405 -10.19227803  -8.01902956]\n [-12.08233571 -11.13730687  -8.01902956   0.        ]]\n0.527485579252\n[[  0.          -8.01902956 -11.13730687 -12.08233571]\n [ -8.01902956 -10.19227803 -11.19663405 -11.13730687]\n [-11.13730687 -11.19663405 -10.19227803  -8.01902956]\n [-12.08233571 -11.13730687  -8.01902956   0.        ]]\n[[  0.          -8.33715361 -11.60882655 -12.60982129]\n [ -8.33715361 -10.60783181 -11.66479245 -11.60882655]\n [-11.60882655 -11.66479245 -10.60783181  -8.33715361]\n [-12.60982129 -11.60882655  -8.33715361   0.        ]]\n0.499502629042\n[[  0.          -8.33715361 -11.60882655 -12.60982129]\n [ -8.33715361 -10.60783181 -11.66479245 -11.60882655]\n [-11.60882655 -11.66479245 -10.60783181  -8.33715361]\n [-12.60982129 -11.60882655  -8.33715361   0.        ]]\n[[  0.          -8.63845299 -12.05514847 -13.10932392]\n [ -8.63845299 -11.00097303 -12.10832918 -12.05514847]\n [-12.05514847 -12.10832918 -11.00097303  -8.63845299]\n [-13.10932392 -12.05514847  -8.63845299   0.        ]]\n0.472912278026\n[[  0.          -8.63845299 -12.05514847 -13.10932392]\n [ -8.63845299 -11.00097303 -12.10832918 -12.05514847]\n [-12.05514847 -12.10832918 -11.00097303  -8.63845299]\n [-13.10932392 -12.05514847  -8.63845299   0.        ]]\n[[  0.          -8.92364362 -12.47781364 -13.5822362 ]\n [ -8.92364362 -11.37339108 -12.52806075 -12.47781364]\n [-12.47781364 -12.52806075 -11.37339108  -8.92364362]\n [-13.5822362  -12.47781364  -8.92364362   0.        ]]\n0.447788721882\n[[  0.          -8.92364362 -12.47781364 -13.5822362 ]\n [ -8.92364362 -11.37339108 -12.52806075 -12.47781364]\n [-12.47781364 -12.52806075 -11.37339108  -8.92364362]\n [-13.5822362  -12.47781364  -8.92364362   0.        ]]\n[[  0.          -9.19371209 -12.87793855 -14.03002492]\n [ -9.19371209 -11.72585219 -12.92560236 -12.87793855]\n [-12.87793855 -12.92560236 -11.72585219  -9.19371209]\n [-14.03002492 -12.87793855  -9.19371209   0.        ]]\n0.423956817482\n[[  0.          -9.19371209 -12.87793855 -14.03002492]\n [ -9.19371209 -11.72585219 -12.92560236 -12.87793855]\n [-12.87793855 -12.92560236 -11.72585219  -9.19371209]\n [-14.03002492 -12.87793855  -9.19371209   0.        ]]\n[[  0.          -9.44937571 -13.25681948 -14.45398174]\n [ -9.44937571 -12.05965722 -13.30189537 -13.25681948]\n [-13.25681948 -13.30189537 -12.05965722  -9.44937571]\n [-14.45398174 -13.25681948  -9.44937571   0.        ]]\n0.401418872178\n[[  0.          -9.44937571 -13.25681948 -14.45398174]\n [ -9.44937571 -12.05965722 -13.30189537 -13.25681948]\n [-13.25681948 -13.30189537 -12.05965722  -9.44937571]\n [-14.45398174 -13.25681948  -9.44937571   0.        ]]\n[[  0.          -9.6914631  -13.61551807 -14.85540061]\n [ -9.6914631  -12.37563554 -13.65823835 -13.61551807]\n [-13.61551807 -13.65823835 -12.37563554  -9.6914631 ]\n [-14.85540061 -13.61551807  -9.6914631    0.        ]]\n0.380058732728\n[[  0.          -9.6914631  -13.61551807 -14.85540061]\n [ -9.6914631  -12.37563554 -13.65823835 -13.61551807]\n [-13.61551807 -13.65823835 -12.37563554  -9.6914631 ]\n [-14.85540061 -13.61551807  -9.6914631    0.        ]]\n[[  0.          -9.92065418 -13.95515503 -15.23545934]\n [ -9.92065418 -12.67485073 -13.99557681 -13.95515503]\n [-13.95515503 -13.99557681 -12.67485073  -9.92065418]\n [-15.23545934 -13.95515503  -9.92065418   0.        ]]\n0.359847846717\n[[  0.          -9.92065418 -13.95515503 -15.23545934]\n [ -9.92065418 -12.67485073 -13.99557681 -13.95515503]\n [-13.95515503 -13.99557681 -12.67485073  -9.92065418]\n [-15.23545934 -13.95515503  -9.92065418   0.        ]]\n[[  0.         -10.13766499 -14.27671134 -15.59530719]\n [-10.13766499 -12.95811549 -14.31500288 -14.27671134]\n [-14.27671134 -14.31500288 -12.95811549 -10.13766499]\n [-15.59530719 -14.27671134 -10.13766499   0.        ]]\n0.34070207625\n[[  0.         -10.13766499 -14.27671134 -15.59530719]\n [-10.13766499 -12.95811549 -14.31500288 -14.27671134]\n [-14.27671134 -14.31500288 -12.95811549 -10.13766499]\n [-15.59530719 -14.27671134 -10.13766499   0.        ]]\n[[  0.         -10.34312295 -14.5811716  -15.93600926]\n [-10.34312295 -13.22633393 -14.61741342 -14.5811716 ]\n [-14.5811716  -14.61741342 -13.22633393 -10.34312295]\n [-15.93600926 -14.5811716  -10.34312295   0.        ]]\n0.322581167314\n[[  0.         -10.34312295 -14.5811716  -15.93600926]\n [-10.34312295 -13.22633393 -14.61741342 -14.5811716 ]\n [-14.5811716  -14.61741342 -13.22633393 -10.34312295]\n [-15.93600926 -14.5811716  -10.34312295   0.        ]]\n[[  0.         -10.53765712 -14.86942931 -16.25859043]\n [-10.53765712 -13.48026819 -14.90375277 -14.86942931]\n [-14.86942931 -14.90375277 -13.48026819 -10.53765712]\n [-16.25859043 -14.86942931 -10.53765712   0.        ]]\n0.305419438554\n[[  0.         -10.53765712 -14.86942931 -16.25859043]\n [-10.53765712 -13.48026819 -14.90375277 -14.86942931]\n [-14.86942931 -14.90375277 -13.48026819 -10.53765712]\n [-16.25859043 -14.86942931 -10.53765712   0.        ]]\n[[  0.         -10.72183865 -15.14235741 -16.56400987]\n [-10.72183865 -13.72070494 -15.17484875 -15.14235741]\n [-15.14235741 -15.17484875 -13.72070494 -10.72183865]\n [-16.56400987 -15.14235741 -10.72183865   0.        ]]\n0.289173768474\n[[  0.         -10.72183865 -15.14235741 -16.56400987]\n [-10.72183865 -13.72070494 -15.17484875 -15.14235741]\n [-15.14235741 -15.17484875 -13.72070494 -10.72183865]\n [-16.56400987 -15.14235741 -10.72183865   0.        ]]\n[[  0.         -10.89622525 -15.40076367 -16.85318364]\n [-10.89622525 -13.9483437  -15.43153118 -15.40076367]\n [-15.40076367 -15.43153118 -13.9483437  -10.89622525]\n [-16.85318364 -15.40076367 -10.89622525   0.        ]]\n0.27379001552\n[[  0.         -10.89622525 -15.40076367 -16.85318364]\n [-10.89622525 -13.9483437  -15.43153118 -15.40076367]\n [-15.40076367 -15.43153118 -13.9483437  -10.89622525]\n [-16.85318364 -15.40076367 -10.89622525   0.        ]]\n[[  0.         -11.06133316 -15.64542593 -17.12697365]\n [-11.06133316 -14.16387821 -15.67455368 -15.64542593]\n [-15.64542593 -15.67455368 -14.16387821 -11.06133316]\n [-17.12697365 -15.64542593 -11.06133316   0.        ]]\n0.259226139832\n[[  0.         -11.06133316 -15.64542593 -17.12697365]\n [-11.06133316 -14.16387821 -15.67455368 -15.64542593]\n [-15.64542593 -15.67455368 -14.16387821 -11.06133316]\n [-17.12697365 -15.64542593 -11.06133316   0.        ]]\n"
     ]
    }
   ],
   "source": [
    "random_policy = np.ones([env.nS, env.nA]) / env.nA\n",
    "v = policy_eval(random_policy, env)"
   ]
  },
  {
   "cell_type": "code",
   "execution_count": 124,
   "metadata": {},
   "outputs": [
    {
     "name": "stdout",
     "output_type": "stream",
     "text": [
      "Value Function:\n[  0.         -13.99989315 -19.99984167 -21.99982282 -13.99989315\n -17.99986052 -19.99984273 -19.99984167 -19.99984167 -19.99984273\n -17.99986052 -13.99989315 -21.99982282 -19.99984167 -13.99989315   0.        ]\n\nReshaped Grid Value Function:\n[[  0.         -13.99989315 -19.99984167 -21.99982282]\n [-13.99989315 -17.99986052 -19.99984273 -19.99984167]\n [-19.99984167 -19.99984273 -17.99986052 -13.99989315]\n [-21.99982282 -19.99984167 -13.99989315   0.        ]]\n\n"
     ]
    }
   ],
   "source": [
    "print(\"Value Function:\")\n",
    "print(v)\n",
    "print(\"\")\n",
    "\n",
    "print(\"Reshaped Grid Value Function:\")\n",
    "print(v.reshape(env.shape))\n",
    "print(\"\")"
   ]
  },
  {
   "cell_type": "code",
   "execution_count": 125,
   "metadata": {
    "collapsed": false
   },
   "outputs": [],
   "source": [
    "# Test: Make sure the evaluated policy is what we expected\n",
    "expected_v = np.array([0, -14, -20, -22, -14, -18, -20, -20, -20, -20, -18, -14, -22, -20, -14, 0])\n",
    "np.testing.assert_array_almost_equal(v, expected_v, decimal=2)"
   ]
  },
  {
   "cell_type": "code",
   "execution_count": null,
   "metadata": {
    "collapsed": true
   },
   "outputs": [],
   "source": [
    ""
   ]
  }
 ],
 "metadata": {
  "kernelspec": {
   "display_name": "Python 3",
   "language": "python",
   "name": "python3"
  },
  "language_info": {
   "codemirror_mode": {
    "name": "ipython",
    "version": 3.0
   },
   "file_extension": ".py",
   "mimetype": "text/x-python",
   "name": "python",
   "nbconvert_exporter": "python",
   "pygments_lexer": "ipython3",
   "version": "3.5.1"
  }
 },
 "nbformat": 4,
 "nbformat_minor": 0
}